,dt,TAI,ESP_Q0_COUNTS,ESP_Q1_COUNTS,ESP_Q2_COUNTS,ESP_Q3_COUNTS,ESP_0_7_COUNTS,ESP_17_COUNTS,ESP_25_COUNTS,ESP_30_COUNTS,ESP_36_COUNTS,ESP_DARK_COUNTS,MP_LYA_COUNTS,MP_DARK_COUNTS,ESP_0_7_DIFFS
0,2024-04-03 20:02:40,2090865807.6119883,52.0,111.0,164.0,223.0,550.0,559.0,157.0,161.0,0.0,49.0,39.0,39.0,
1,2024-04-03 20:03:00,2090865822.612114,53.5,111.0,165.5,223.5,553.5,559.5,158.0,161.5,0.0,48.5,38.0,40.0,3.5
2,2024-04-03 20:03:20,2090865842.6121452,53.0,111.0,164.0,223.0,551.0,559.0,158.0,161.0,0.0,48.5,38.5,39.0,-2.5
3,2024-04-03 20:03:40,2090865862.6121695,53.0,111.5,164.0,222.5,551.0,559.5,157.5,160.5,0.0,49.0,39.0,39.0,0.0
4,2024-04-03 20:04:00,2090865882.6121442,53.0,111.5,163.0,223.0,550.5,559.0,157.5,160.5,0.0,49.0,39.0,39.5,-0.5
5,2024-04-03 20:04:20,2090865902.6139524,54.0,112.5,165.5,223.5,555.5,559.5,157.5,161.5,0.0,49.0,39.0,39.0,5.0
6,2024-04-03 20:04:40,2090865922.6120634,54.5,110.5,164.5,223.0,552.5,561.0,157.0,161.0,0.0,48.5,39.0,40.0,-3.0
7,2024-04-03 20:05:00,2090865942.612176,53.5,113.0,165.5,222.5,554.5,559.0,157.5,161.5,0.0,48.5,39.0,39.0,2.0
8,2024-04-03 20:05:20,2090865962.612122,54.5,112.5,165.5,223.0,555.5,559.5,158.0,161.0,0.0,49.5,39.5,40.0,1.0
9,2024-04-03 20:05:40,2090865982.6122036,54.0,112.0,164.0,224.0,554.0,559.5,157.5,161.5,0.0,49.0,39.0,39.0,-1.5
10,2024-04-03 20:06:00,2090866002.6122339,53.5,111.5,164.0,224.0,553.0,558.5,157.0,161.0,0.0,49.5,39.0,39.5,-1.0
11,2024-04-03 20:06:20,2090866022.612231,53.0,111.5,165.0,223.5,553.0,559.5,157.5,161.0,0.0,49.0,40.0,39.5,0.0
12,2024-04-03 20:06:40,2090866042.6120975,52.5,111.5,165.5,223.5,553.0,560.0,157.5,161.0,0.0,48.5,39.5,39.0,0.0
13,2024-04-03 20:07:00,2090866062.6124117,53.5,111.0,164.0,223.0,551.5,560.0,157.0,161.0,0.0,49.5,38.5,39.5,-1.5
14,2024-04-03 20:07:20,2090866082.612136,52.5,111.0,165.5,224.0,553.0,559.5,157.5,160.5,0.0,49.0,39.5,39.0,1.5
15,2024-04-03 20:07:40,2090866102.612317,52.5,109.5,165.5,223.5,551.0,560.0,157.5,161.0,0.0,48.5,39.0,39.5,-2.0
16,2024-04-03 20:08:00,2090866122.6122847,53.5,110.5,165.0,223.0,552.0,559.5,157.5,161.0,0.0,49.0,39.5,39.5,1.0
17,2024-04-03 20:08:20,2090866142.6121535,53.5,112.5,164.5,223.0,553.5,560.0,157.0,161.0,0.0,49.0,39.0,39.0,1.5
18,2024-04-03 20:08:40,2090866162.6123443,53.5,110.5,164.5,222.5,551.0,559.0,157.0,161.0,0.0,48.5,39.0,39.5,-2.5
19,2024-04-03 20:09:00,2090866182.6122181,52.5,110.5,163.5,223.0,549.5,558.5,158.0,161.0,0.0,49.0,39.0,39.5,-1.5
20,2024-04-03 20:09:20,2090866202.612373,53.5,111.5,164.5,223.0,552.5,559.5,158.0,161.0,0.0,48.5,39.0,39.5,3.0
21,2024-04-03 20:09:40,2090866222.6123965,52.5,112.0,164.5,222.5,551.5,559.0,157.0,160.5,0.0,49.0,39.0,39.5,-1.0
22,2024-04-03 20:10:00,2090866242.6122444,52.0,111.5,164.0,222.5,550.0,559.0,157.0,161.0,0.0,48.5,39.0,40.0,-1.5
23,2024-04-03 20:10:20,2090866262.612536,53.5,111.5,164.5,222.5,552.0,559.5,156.5,161.0,0.0,49.0,39.5,39.0,2.0
24,2024-04-03 20:10:40,2090866282.6122975,53.0,110.5,164.5,222.5,550.5,560.0,157.0,161.0,0.0,49.0,39.0,39.5,-1.5
25,2024-04-03 20:11:00,2090866302.6124163,53.5,110.5,164.5,223.5,552.0,559.0,157.5,161.5,0.0,48.5,38.5,39.5,1.5
26,2024-04-03 20:11:20,2090866322.6125908,53.0,111.0,163.5,223.5,551.0,560.5,157.0,160.5,0.0,49.0,38.5,39.0,-1.0
27,2024-04-03 20:11:40,2090866342.6124892,53.5,111.5,164.0,223.0,552.0,559.5,158.5,160.5,0.0,48.5,38.5,39.5,1.0
28,2024-04-03 20:12:00,2090866362.6126578,53.0,111.0,164.5,222.5,551.0,560.0,157.0,161.0,0.0,49.0,40.0,39.5,-1.0
29,2024-04-03 20:12:20,2090866382.6123717,52.5,110.5,165.0,222.5,550.5,559.5,158.0,161.0,0.0,49.0,39.5,39.5,-0.5
30,2024-04-03 20:12:40,2090866402.6123722,53.5,110.5,164.0,222.5,550.5,560.0,159.5,161.0,0.0,49.0,39.0,39.0,0.0
31,2024-04-03 20:13:00,2090866422.6123724,53.5,111.5,164.0,223.5,552.5,559.5,158.0,161.0,0.0,49.0,39.0,39.0,2.0
32,2024-04-03 20:13:20,2090866442.6125207,52.5,111.0,164.0,223.0,550.5,558.0,158.0,161.0,0.0,48.5,39.0,40.0,-2.0
33,2024-04-03 20:13:40,2090866462.6124148,54.5,111.0,164.0,223.5,553.0,559.0,157.5,161.0,0.0,48.0,38.5,39.5,2.5
34,2024-04-03 20:14:00,2090866482.6125622,52.5,111.0,163.5,223.5,550.5,558.5,157.5,161.0,0.0,49.5,39.0,39.5,-2.5
35,2024-04-03 20:14:20,2090866502.612421,53.0,111.5,164.5,224.0,553.0,558.0,158.0,161.5,0.0,48.5,39.5,39.0,2.5
36,2024-04-03 20:14:40,2090866522.612725,52.0,110.5,164.5,223.5,550.5,558.5,157.0,160.5,0.0,49.5,39.0,39.5,-2.5
37,2024-04-03 20:15:00,2090866542.6126235,52.5,110.5,164.0,223.5,550.5,558.5,157.0,161.0,0.0,49.0,39.0,39.5,0.0
38,2024-04-03 20:15:20,2090866562.6126335,53.5,110.5,164.5,224.0,552.5,559.0,157.5,160.5,0.0,49.0,39.0,39.5,2.0
39,2024-04-03 20:15:40,2090866582.6126163,54.0,110.5,164.0,223.0,551.5,558.5,157.5,161.0,0.0,48.0,39.5,40.0,-1.0
40,2024-04-03 20:16:00,2090866602.6125183,53.5,110.0,164.5,224.5,552.5,558.5,157.5,161.0,0.0,49.0,39.0,39.5,1.0
41,2024-04-03 20:16:20,2090866622.612492,53.0,109.5,164.5,223.5,550.5,559.0,157.0,160.5,0.0,49.0,38.5,40.0,-2.0
42,2024-04-03 20:16:40,2090866642.612557,52.0,111.0,163.5,224.0,550.5,559.0,158.0,160.5,0.0,48.0,39.5,39.0,0.0
43,2024-04-03 20:17:00,2090866662.612556,54.0,111.0,164.5,224.0,553.5,558.5,158.0,161.0,0.0,48.5,39.0,39.0,3.0
44,2024-04-03 20:17:20,2090866682.6126618,53.5,111.5,163.5,223.5,552.0,559.0,157.5,161.0,0.0,49.0,40.0,39.0,-1.5
45,2024-04-03 20:17:40,2090866702.6127412,52.5,111.0,164.0,224.0,551.5,559.5,157.5,160.5,0.0,49.0,39.5,39.5,-0.5
46,2024-04-03 20:18:00,2090866722.612592,53.5,111.5,163.5,222.5,551.0,560.0,157.5,160.5,0.0,49.0,39.0,39.0,-0.5
47,2024-04-03 20:18:20,2090866742.6126072,54.0,111.0,164.0,222.0,551.0,559.0,158.0,161.0,0.0,49.5,39.0,39.0,0.0
48,2024-04-03 20:18:40,2090866762.6129045,53.0,111.0,166.0,222.5,552.5,559.5,158.0,161.0,0.0,49.0,38.5,39.0,1.5
49,2024-04-03 20:19:00,2090866782.6126409,52.5,111.0,164.0,223.0,550.5,560.0,157.5,161.5,0.0,49.0,39.0,39.5,-2.0
50,2024-04-03 20:19:20,2090866802.6126904,53.0,111.0,163.5,223.0,550.5,558.5,156.5,160.5,0.0,49.0,38.5,39.0,0.0
51,2024-04-03 20:19:40,2090866822.6126394,52.5,110.0,163.5,222.5,548.5,558.0,157.5,160.5,0.0,49.0,39.0,39.0,-2.0
52,2024-04-03 20:20:00,2090866842.6128306,54.0,111.0,164.0,223.0,552.0,558.5,157.0,161.0,0.0,48.5,38.0,39.5,3.5
53,2024-04-03 20:20:20,2090866862.6126993,52.5,111.5,162.5,222.5,549.0,558.5,157.5,161.0,0.0,49.5,39.0,39.0,-3.0
54,2024-04-03 20:20:40,2090866882.6127107,53.5,110.0,164.0,223.0,550.5,558.5,158.0,161.0,0.0,49.0,39.5,40.0,1.5
55,2024-04-03 20:21:00,2090866902.6129572,55.0,110.5,163.5,223.0,552.0,559.0,157.5,160.0,0.0,49.0,39.5,39.0,1.5
56,2024-04-03 20:21:20,2090866922.6127408,54.5,111.0,163.5,221.5,550.5,559.0,157.5,161.5,0.0,49.0,39.5,39.5,-1.5
57,2024-04-03 20:21:40,2090866942.6127267,53.5,111.0,163.0,222.5,550.0,558.5,158.0,160.5,0.0,49.0,38.5,39.5,-0.5
58,2024-04-03 20:22:00,2090866962.6130352,54.0,110.0,164.5,222.0,550.5,559.0,157.5,160.5,0.0,49.0,39.5,39.5,0.5
59,2024-04-03 20:22:20,2090866982.6129212,53.5,111.0,164.0,223.0,551.5,559.0,157.5,160.5,0.0,48.5,39.5,39.5,1.0
60,2024-04-03 20:22:40,2090867002.612791,54.0,109.0,164.5,223.0,550.5,558.5,157.0,161.0,0.0,49.0,39.0,39.5,-1.0
61,2024-04-03 20:23:00,2090867022.6128764,53.5,110.5,163.0,223.0,550.0,558.5,157.0,161.0,0.0,49.5,39.0,39.5,-0.5
62,2024-04-03 20:23:20,2090867042.61282,53.0,111.5,164.5,222.0,551.0,559.0,157.5,160.5,0.0,49.0,39.5,39.0,1.0
63,2024-04-03 20:23:40,2090867062.612983,53.0,111.0,163.5,221.5,549.0,558.0,158.0,160.5,0.0,49.0,39.5,41.5,-2.0
64,2024-04-03 20:24:00,2090867082.6128476,53.0,111.5,164.0,223.5,552.0,559.0,158.0,161.0,0.0,49.0,40.0,39.0,3.0
65,2024-04-03 20:24:20,2090867102.6129885,54.0,110.5,163.5,222.0,550.0,559.5,158.0,160.5,0.0,49.5,39.0,40.0,-2.0
66,2024-04-03 20:24:40,2090867122.612877,54.5,109.5,164.0,222.5,550.5,558.0,158.0,160.5,0.0,50.0,39.0,39.5,0.5
67,2024-04-03 20:25:00,2090867142.6128745,55.0,111.0,163.5,222.0,551.5,559.0,158.0,161.0,0.0,48.5,39.5,39.5,1.0
68,2024-04-03 20:25:20,2090867162.6133537,54.5,110.5,162.5,221.5,549.0,559.0,158.0,160.5,0.0,49.0,40.0,39.0,-2.5
69,2024-04-03 20:25:40,2090867182.6130672,54.5,111.5,163.0,222.0,551.0,557.5,157.5,160.5,0.0,49.0,39.0,39.5,2.0
70,2024-04-03 20:26:00,2090867202.6130812,53.5,109.5,163.5,222.0,548.5,558.0,157.5,160.5,0.0,48.5,39.5,39.5,-2.5
71,2024-04-03 20:26:20,2090867222.613067,54.0,109.0,164.0,223.0,550.0,558.5,158.0,160.0,0.0,48.5,39.5,39.5,1.5
72,2024-04-03 20:26:40,2090867242.6130292,53.0,111.0,164.5,222.0,550.5,559.0,157.0,161.5,0.0,48.5,39.5,39.0,0.5
73,2024-04-03 20:27:00,2090867262.6131113,53.5,110.5,163.0,223.0,550.0,559.5,157.5,160.5,0.0,48.5,38.5,40.0,-0.5
74,2024-04-03 20:27:20,2090867282.6129737,52.5,110.5,163.0,223.0,549.0,559.0,158.0,161.0,0.0,49.0,39.0,39.0,-1.0
75,2024-04-03 20:27:40,2090867302.613161,53.5,111.0,164.0,223.5,552.0,558.5,158.0,160.5,0.0,49.0,38.5,40.0,3.0
76,2024-04-03 20:28:00,2090867322.6131444,53.5,110.5,163.5,222.5,550.0,560.0,158.0,160.0,0.0,48.5,39.5,39.5,-2.0
77,2024-04-03 20:28:20,2090867342.6130128,53.0,110.5,163.5,222.5,549.5,559.5,158.0,161.0,0.0,49.0,39.0,39.5,-0.5
78,2024-04-03 20:28:40,2090867362.613318,53.5,109.5,163.0,222.5,548.5,559.0,157.5,161.0,0.0,48.0,39.0,39.5,-1.0
79,2024-04-03 20:29:00,2090867382.6132023,53.0,110.5,163.5,221.5,548.5,559.0,157.5,161.0,0.0,49.0,39.0,39.5,0.0
80,2024-04-03 20:29:20,2090867402.6130764,52.0,110.0,164.0,222.5,548.5,559.5,157.5,160.5,0.0,49.0,39.0,39.0,0.0
81,2024-04-03 20:29:40,2090867422.6131446,52.5,110.0,164.0,222.5,549.0,559.5,157.5,161.0,0.0,49.0,39.5,40.0,0.5
82,2024-04-03 20:30:00,2090867442.6134496,53.5,111.5,163.5,222.0,550.5,559.0,158.0,161.0,0.0,49.0,39.5,39.0,1.5
83,2024-04-03 20:30:20,2090867462.6138372,54.5,111.0,164.0,223.0,552.5,559.0,158.0,160.5,0.0,49.0,39.0,39.0,2.0
84,2024-04-03 20:30:40,2090867482.613731,55.0,111.0,163.0,222.0,551.0,559.0,158.0,161.5,0.0,48.5,39.0,39.5,-1.5
85,2024-04-03 20:31:00,2090867502.614088,54.0,110.5,164.5,222.5,551.5,559.0,158.0,161.0,0.0,49.0,39.0,40.0,0.5
86,2024-04-03 20:31:20,2090867522.6144962,54.5,111.0,163.0,224.0,552.5,559.5,158.5,160.5,0.0,49.0,40.0,40.0,1.0
87,2024-04-03 20:31:40,2090867542.6142576,54.0,110.0,164.0,223.5,551.5,559.0,157.5,161.0,0.0,48.5,39.5,40.0,-1.0
88,2024-04-03 20:32:00,2090867562.6141288,55.0,110.0,163.0,223.5,551.5,558.5,157.5,160.0,0.0,48.5,39.0,39.5,0.0
89,2024-04-03 20:32:20,2090867582.6152828,54.0,111.0,163.5,222.5,551.0,560.0,157.0,160.5,0.0,49.0,38.5,39.5,-0.5
90,2024-04-03 20:32:40,2090867602.6141827,54.5,109.5,163.5,223.0,550.5,560.0,157.0,160.0,0.0,49.0,40.0,39.0,-0.5
91,2024-04-03 20:33:00,2090867622.6141858,54.5,110.0,164.5,223.5,552.5,559.0,157.5,161.0,0.0,49.0,40.0,39.5,2.0
92,2024-04-03 20:33:20,2090867642.6143851,53.0,110.5,163.5,223.0,550.0,560.0,157.5,161.5,0.0,49.0,39.0,40.0,-2.5
93,2024-04-03 20:33:40,2090867662.6143446,54.0,111.0,163.5,223.5,552.0,559.5,157.0,161.0,0.0,48.5,39.5,39.5,2.0
94,2024-04-03 20:34:00,2090867682.6143365,54.0,110.5,163.0,223.5,551.0,559.0,157.0,161.0,0.0,48.5,39.0,40.0,-1.0
95,2024-04-03 20:34:20,2090867702.6141539,53.5,112.5,164.0,223.0,553.0,560.0,157.0,161.0,0.0,49.0,39.0,39.5,2.0
96,2024-04-03 20:34:40,2090867722.6143863,55.0,110.5,164.5,221.5,551.5,560.0,157.0,161.0,0.0,49.0,39.0,40.0,-1.5
97,2024-04-03 20:35:00,2090867742.6148655,54.0,112.0,164.5,223.0,553.5,558.5,157.0,161.0,0.0,49.0,39.5,39.0,2.0
98,2024-04-03 20:35:20,2090867762.6146657,54.0,111.5,164.5,222.0,552.0,559.5,157.5,160.0,0.0,49.0,39.0,39.0,-1.5
99,2024-04-03 20:35:40,2090867782.6176598,55.0,111.5,165.0,224.0,555.5,559.5,157.0,160.5,0.0,48.5,39.0,40.0,3.5
100,2024-04-03 20:36:00,2090867797.6148565,53.0,112.0,165.0,224.0,554.0,560.0,158.0,161.0,0.0,48.0,40.0,40.0,-1.5
101,2024-04-03 20:36:20,2090867817.6147773,54.0,111.0,164.0,223.0,552.0,559.0,156.0,161.0,0.0,49.0,38.0,39.0,-2.0
102,2024-04-03 20:36:40,2090867837.6147716,54.0,111.0,165.0,223.0,553.0,560.0,157.0,161.0,0.0,49.0,40.0,39.0,0.0
103,2024-04-03 20:37:00,2090867857.6148584,56.0,113.0,163.0,224.0,556.0,559.0,157.0,161.0,0.0,49.0,40.0,40.0,3.0
104,2024-04-03 20:37:20,2090867877.6144657,57.0,112.0,165.0,223.0,557.0,559.0,156.0,161.0,0.0,49.0,39.0,39.0,1.5
105,2024-04-03 20:37:40,2090867897.614439,54.0,111.0,164.0,223.0,552.0,559.0,157.0,161.0,0.0,48.0,39.0,40.0,-4.0
106,2024-04-03 20:38:00,2090867917.6144629,55.0,112.0,165.0,225.0,557.0,560.0,156.0,161.0,0.0,49.0,39.0,41.0,4.5
